,W05p,W05se,W06p,W06se,W07p,W07se,W08p,W08se,W09p,W09se,W10p,W10se
aidxhh-single-0 (%),8.91,0.35,8.38,0.34,6.19,0.3,4.85,0.23,NA,NA,8.23,0.29
aidxhh-mixed-0 (%),15.37,0.43,14.13,0.42,11.69,0.38,9.47,0.32,NA,NA,7.38,0.29
aidxhh-sign.Diff-0 (%),-6.46,***,-5.74,***,-5.5,***,-4.62,***,NA,NA,0.85,**
aidxhh-single-1 (%),1.76,0.16,1.05,0.13,1.16,0.13,0.66,0.09,NA,NA,1.04,0.11
aidxhh-mixed-1 (%),3.04,0.21,2.12,0.17,2.01,0.17,1.33,0.13,NA,NA,0.92,0.11
aidxhh-sign.Diff-1 (%),-1.27,***,-1.07,***,-0.85,***,-0.67,***,NA,NA,0.12,
aidxhh-single-NA (%),89.32,0.38,90.57,0.36,92.65,0.32,94.49,0.24,NA,NA,90.73,0.3
aidxhh-mixed-NA (%),81.59,0.46,83.75,0.44,86.3,0.41,89.2,0.34,NA,NA,91.7,0.31
aidxhh-sign.Diff-NA (%),7.73,***,6.82,***,6.35,***,5.28,***,NA,NA,-0.96,**
caruse-single-0 (%),0.9,0.12,0.7,0.1,0.58,0.09,0.46,0.07,NA,NA,NA,NA
caruse-mixed-0 (%),1.25,0.13,1.09,0.12,0.79,0.11,0.53,0.08,NA,NA,NA,NA
caruse-sign.Diff-0 (%),-0.35,**,-0.39,**,-0.21,,-0.07,,NA,NA,NA,NA
caruse-single-1 (%),8.52,0.34,7.65,0.33,5.73,0.29,4.19,0.21,NA,NA,NA,NA
caruse-mixed-1 (%),13.81,0.41,12.21,0.39,10.77,0.37,8.93,0.32,NA,NA,NA,NA
caruse-sign.Diff-1 (%),-5.29,***,-4.55,***,-5.04,***,-4.74,***,NA,NA,NA,NA
caruse-single-NA (%),90.58,0.36,91.65,0.34,93.69,0.3,95.35,0.22,NA,NA,NA,NA
caruse-mixed-NA (%),84.94,0.43,86.7,0.41,88.44,0.38,90.54,0.32,NA,NA,NA,NA
caruse-sign.Diff-NA (%),5.64,***,4.94,***,5.25,***,4.81,***,NA,NA,NA,NA
finfut-single-1 (%),1.95,0.17,2.14,0.18,1.34,0.14,0.93,0.1,0.77,0.09,1.95,0.14
finfut-mixed-1 (%),3.24,0.21,2.71,0.19,2.61,0.19,2.14,0.16,1.49,0.12,1.37,0.13
finfut-sign.Diff-1 (%),-1.29,***,-0.56,**,-1.27,***,-1.21,***,-0.72,***,0.57,***
finfut-single-2 (%),6.33,0.3,5.73,0.29,4.81,0.26,3.86,0.2,3.4,0.19,5.96,0.25
finfut-mixed-2 (%),10.72,0.37,9.37,0.35,8.58,0.34,6.96,0.28,5.44,0.23,5.56,0.25
finfut-sign.Diff-2 (%),-4.39,***,-3.63,***,-3.77,***,-3.1,***,-2.05,***,0.4,
finfut-single-3 (%),2.19,0.18,1.49,0.15,1.13,0.13,0.65,0.08,0.7,0.09,1.12,0.11
finfut-mixed-3 (%),3.98,0.23,3.95,0.23,2.23,0.18,1.64,0.14,1.15,0.11,1.31,0.13
finfut-sign.Diff-3 (%),-1.79,***,-2.46,***,-1.11,***,-0.99,***,-0.45,***,-0.19,
finfut-single-NA (%),89.53,0.38,90.63,0.36,92.73,0.32,94.56,0.24,95.13,0.23,90.97,0.3
finfut-mixed-NA (%),82.06,0.46,83.97,0.44,86.58,0.41,89.26,0.34,91.91,0.28,91.76,0.3
finfut-sign.Diff-NA (%),7.47,***,6.66,***,6.15,***,5.3,***,3.22,***,-0.79,*
j2has-single-0 (%),9.93,0.37,8.96,0.35,6.98,0.31,5.31,0.24,4.77,0.23,8.84,0.3
j2has-mixed-0 (%),17.09,0.45,15.36,0.43,12.91,0.4,10.11,0.33,7.73,0.27,7.9,0.3
j2has-sign.Diff-0 (%),-7.16,***,-6.4,***,-5.93,***,-4.8,***,-2.96,***,0.94,**
j2has-single-1 (%),0.75,0.11,0.44,0.08,0.35,0.07,0.19,0.05,0.22,0.05,0.42,0.07
j2has-mixed-1 (%),1.26,0.13,0.89,0.11,0.69,0.1,0.66,0.09,0.43,0.07,0.39,0.07
j2has-sign.Diff-1 (%),-0.52,***,-0.45,***,-0.34,***,-0.47,***,-0.21,**,0.03,
j2has-single-NA (%),89.32,0.38,90.6,0.36,92.67,0.32,94.5,0.24,95.01,0.23,90.74,0.3
j2has-mixed-NA (%),81.65,0.46,83.75,0.44,86.4,0.41,89.23,0.34,91.84,0.28,91.71,0.31
j2has-sign.Diff-NA (%),7.67,***,6.85,***,6.26,***,5.27,***,3.17,***,-0.97,**
jbhas-single-0 (%),5.22,0.27,4.38,0.25,3.51,0.23,3.01,0.18,2.69,0.17,4.86,0.22
jbhas-mixed-0 (%),9.23,0.35,7.66,0.32,6.65,0.3,4.87,0.24,3.77,0.2,3.74,0.21
jbhas-sign.Diff-0 (%),-4.01,***,-3.28,***,-3.13,***,-1.86,***,-1.08,***,1.11,***
jbhas-single-1 (%),6.54,0.3,5.8,0.29,4.02,0.24,2.7,0.17,2.43,0.17,4.9,0.22
jbhas-mixed-1 (%),10.24,0.36,9.14,0.34,7.16,0.31,6.2,0.27,4.53,0.21,4.62,0.23
jbhas-sign.Diff-1 (%),-3.7,***,-3.34,***,-3.15,***,-3.5,***,-2.11,***,0.27,
jbhas-single-NA (%),88.24,0.4,89.82,0.37,92.47,0.33,94.3,0.25,94.88,0.24,90.25,0.31
jbhas-mixed-NA (%),80.53,0.47,83.19,0.45,86.19,0.41,88.93,0.35,91.7,0.28,91.63,0.31
jbhas-sign.Diff-NA (%),7.71,***,6.63,***,6.28,***,5.37,***,3.18,***,-1.39,***
jbsemp-single-0 (%),NA,NA,NA,NA,0.62,0.1,0.41,0.07,0.36,0.06,0.69,0.09
jbsemp-mixed-0 (%),NA,NA,NA,NA,0.99,0.12,0.87,0.1,0.72,0.09,0.67,0.09
jbsemp-sign.Diff-0 (%),NA,NA,NA,NA,-0.36,**,-0.46,***,-0.36,***,0.02,
jbsemp-single-1 (%),NA,NA,NA,NA,3.7,0.23,2.42,0.16,2.25,0.16,4.56,0.22
jbsemp-mixed-1 (%),NA,NA,NA,NA,6.58,0.3,5.58,0.25,4.03,0.2,4.13,0.22
jbsemp-sign.Diff-1 (%),NA,NA,NA,NA,-2.88,***,-3.17,***,-1.78,***,0.43,
jbsemp-single-NA (%),NA,NA,NA,NA,95.68,0.25,97.17,0.18,97.39,0.17,94.74,0.23
jbsemp-mixed-NA (%),NA,NA,NA,NA,92.44,0.32,93.54,0.27,95.25,0.22,95.19,0.24
jbsemp-sign.Diff-NA (%),NA,NA,NA,NA,3.24,***,3.63,***,2.14,***,-0.45,
jbterm1-single-0 (%),NA,NA,NA,NA,0.43,0.08,0.25,0.05,0.18,0.05,0.44,0.07
jbterm1-mixed-0 (%),NA,NA,NA,NA,0.69,0.1,0.6,0.09,0.49,0.07,0.48,0.08
jbterm1-sign.Diff-0 (%),NA,NA,NA,NA,-0.26,**,-0.36,***,-0.3,***,-0.03,
jbterm1-single-1 (%),NA,NA,NA,NA,3.91,0.24,2.58,0.17,2.44,0.17,4.81,0.22
jbterm1-mixed-1 (%),NA,NA,NA,NA,6.89,0.3,5.84,0.26,4.26,0.21,4.33,0.23
jbterm1-sign.Diff-1 (%),NA,NA,NA,NA,-2.98,***,-3.26,***,-1.82,***,0.48,
jbterm1-single-NA (%),NA,NA,NA,NA,95.66,0.25,97.17,0.18,97.38,0.17,94.74,0.23
jbterm1-mixed-NA (%),NA,NA,NA,NA,92.42,0.32,93.56,0.27,95.26,0.22,95.19,0.24
jbterm1-sign.Diff-NA (%),NA,NA,NA,NA,3.24,***,3.62,***,2.12,***,-0.45,
lkmove-single-0 (%),7.27,0.32,6.53,0.3,5,0.27,3.95,0.21,NA,NA,2.77,0.17
lkmove-mixed-0 (%),12.05,0.39,11.02,0.37,9.56,0.35,7.19,0.29,NA,NA,2.37,0.17
lkmove-sign.Diff-0 (%),-4.78,***,-4.49,***,-4.55,***,-3.25,***,NA,NA,0.4,*
lkmove-single-1 (%),3.36,0.22,2.89,0.21,2.31,0.19,1.52,0.13,NA,NA,6.34,0.25
lkmove-mixed-1 (%),6.42,0.29,5.21,0.27,4.08,0.24,3.54,0.2,NA,NA,5.94,0.26
lkmove-sign.Diff-1 (%),-3.06,***,-2.32,***,-1.77,***,-2.02,***,NA,NA,0.4,
lkmove-single-NA (%),89.37,0.38,90.58,0.36,92.68,0.32,94.53,0.24,NA,NA,90.89,0.3
lkmove-mixed-NA (%),81.53,0.46,83.77,0.44,86.36,0.41,89.26,0.34,NA,NA,91.7,0.31
lkmove-sign.Diff-NA (%),7.83,***,6.82,***,6.32,***,5.27,***,NA,NA,-0.8,*
mobuse-single-0 (%),0.73,0.11,0.7,0.1,0.52,0.09,0.42,0.07,0.42,0.07,0.49,0.07
mobuse-mixed-0 (%),1.73,0.16,1.38,0.14,0.89,0.11,0.57,0.08,0.5,0.07,0.43,0.07
mobuse-sign.Diff-0 (%),-1,***,-0.68,***,-0.37,***,-0.14,,-0.08,,0.06,
mobuse-single-1 (%),11.03,0.39,9.51,0.36,7.01,0.31,5.27,0.24,4.7,0.23,9.27,0.3
mobuse-mixed-1 (%),17.84,0.46,15.49,0.43,13.02,0.4,10.55,0.34,7.81,0.28,7.96,0.3
mobuse-sign.Diff-1 (%),-6.81,***,-5.98,***,-6.01,***,-5.28,***,-3.11,***,1.31,***
mobuse-single-NA (%),88.24,0.4,89.79,0.37,92.47,0.33,94.31,0.25,94.88,0.24,90.25,0.31
mobuse-mixed-NA (%),80.43,0.47,83.14,0.45,86.09,0.41,88.88,0.35,91.69,0.28,91.61,0.31
mobuse-sign.Diff-NA (%),7.81,***,6.66,***,6.38,***,5.43,***,3.2,***,-1.36,***
scghqa-single-1 (%),0.15,0.05,0.3,0.07,0.24,0.06,0.12,0.04,NA,NA,0.4,0.07
scghqa-mixed-1 (%),0.36,0.07,0.5,0.08,0.26,0.06,0.28,0.06,NA,NA,0.25,0.05
scghqa-sign.Diff-1 (%),-0.21,**,-0.2,*,-0.01,,-0.16,**,NA,NA,0.15,*
scghqa-single-2 (%),4.99,0.27,6.15,0.3,5.81,0.29,4.32,0.21,NA,NA,7.07,0.27
scghqa-mixed-2 (%),11.81,0.39,11.33,0.38,10.76,0.37,8.63,0.31,NA,NA,6.78,0.28
scghqa-sign.Diff-2 (%),-6.82,***,-5.19,***,-4.95,***,-4.32,***,NA,NA,0.29,
scghqa-single-3 (%),0.88,0.12,0.79,0.11,0.81,0.11,0.67,0.09,NA,NA,1.21,0.11
scghqa-mixed-3 (%),2.11,0.17,2.31,0.18,1.59,0.15,1.44,0.13,NA,NA,1.01,0.11
scghqa-sign.Diff-3 (%),-1.22,***,-1.52,***,-0.78,***,-0.77,***,NA,NA,0.21,
scghqa-single-4 (%),0.11,0.04,0.14,0.05,0.15,0.05,0.07,0.03,NA,NA,0.12,0.04
scghqa-mixed-4 (%),0.21,0.06,0.33,0.07,0.23,0.06,0.22,0.05,NA,NA,0.12,0.04
scghqa-sign.Diff-4 (%),-0.11,,-0.19,**,-0.08,,-0.15,***,NA,NA,0,
scghqa-single-NA (%),93.87,0.3,92.62,0.32,92.99,0.31,94.82,0.23,NA,NA,91.2,0.29
scghqa-mixed-NA (%),85.52,0.42,85.53,0.42,87.16,0.4,89.42,0.34,NA,NA,91.84,0.3
scghqa-sign.Diff-NA (%),8.35,***,7.09,***,5.82,***,5.4,***,NA,NA,-0.65,
scghqb-single-1 (%),2.31,0.19,2.75,0.2,2.84,0.21,2.16,0.15,NA,NA,3.55,0.19
scghqb-mixed-1 (%),5.4,0.27,4.94,0.26,4.76,0.25,4.06,0.22,NA,NA,2.78,0.18
scghqb-sign.Diff-1 (%),-3.09,***,-2.19,***,-1.91,***,-1.9,***,NA,NA,0.76,***
scghqb-single-2 (%),2.74,0.2,3.53,0.23,3.12,0.21,2.43,0.16,NA,NA,3.73,0.2
scghqb-mixed-2 (%),6.7,0.3,6.73,0.3,5.96,0.28,5.01,0.24,NA,NA,4.12,0.22
scghqb-sign.Diff-2 (%),-3.97,***,-3.2,***,-2.84,***,-2.58,***,NA,NA,-0.39,
scghqb-single-3 (%),0.9,0.12,0.91,0.12,0.71,0.1,0.46,0.07,NA,NA,1.15,0.11
scghqb-mixed-3 (%),1.92,0.16,2.19,0.18,1.68,0.15,1.18,0.12,NA,NA,1.02,0.11
scghqb-sign.Diff-3 (%),-1.02,***,-1.28,***,-0.96,***,-0.72,***,NA,NA,0.13,
scghqb-single-4 (%),0.18,0.05,0.2,0.05,0.33,0.07,0.13,0.04,NA,NA,0.38,0.06
scghqb-mixed-4 (%),0.47,0.08,0.59,0.09,0.42,0.08,0.32,0.06,NA,NA,0.23,0.05
scghqb-sign.Diff-4 (%),-0.29,***,-0.39,***,-0.08,,-0.19,**,NA,NA,0.15,*
scghqb-single-NA (%),93.87,0.3,92.61,0.32,92.99,0.31,94.82,0.23,NA,NA,91.2,0.29
scghqb-mixed-NA (%),85.5,0.42,85.54,0.42,87.19,0.4,89.44,0.34,NA,NA,91.84,0.3
scghqb-sign.Diff-NA (%),8.37,***,7.06,***,5.8,***,5.39,***,NA,NA,-0.65,
scghqc-single-1 (%),0.49,0.09,0.64,0.1,0.52,0.09,0.44,0.07,NA,NA,0.76,0.09
scghqc-mixed-1 (%),1.15,0.13,0.96,0.12,0.87,0.11,0.75,0.1,NA,NA,0.53,0.08
scghqc-sign.Diff-1 (%),-0.66,***,-0.32,**,-0.36,**,-0.31,***,NA,NA,0.23,*
scghqc-single-2 (%),4.72,0.26,5.84,0.29,5.57,0.28,4.17,0.21,NA,NA,6.72,0.26
scghqc-mixed-2 (%),11.3,0.38,11.38,0.38,10.19,0.36,8.42,0.31,NA,NA,6.51,0.27
scghqc-sign.Diff-2 (%),-6.59,***,-5.53,***,-4.62,***,-4.25,***,NA,NA,0.2,
scghqc-single-3 (%),0.71,0.1,0.65,0.1,0.73,0.11,0.47,0.07,NA,NA,1.08,0.11
scghqc-mixed-3 (%),1.42,0.14,1.65,0.15,1.36,0.14,1.14,0.12,NA,NA,0.87,0.1
scghqc-sign.Diff-3 (%),-0.7,***,-0.99,***,-0.63,***,-0.67,***,NA,NA,0.21,
scghqc-single-4 (%),0.21,0.06,0.24,0.06,0.2,0.05,0.1,0.03,NA,NA,0.24,0.05
scghqc-mixed-4 (%),0.57,0.09,0.43,0.08,0.36,0.07,0.25,0.05,NA,NA,0.23,0.05
scghqc-sign.Diff-4 (%),-0.36,***,-0.19,*,-0.16,*,-0.15,**,NA,NA,0,
scghqc-single-NA (%),93.87,0.3,92.62,0.32,92.99,0.31,94.82,0.23,NA,NA,91.21,0.29
scghqc-mixed-NA (%),85.56,0.42,85.59,0.42,87.22,0.4,89.44,0.34,NA,NA,91.86,0.3
scghqc-sign.Diff-NA (%),8.31,***,7.04,***,5.77,***,5.39,***,NA,NA,-0.65,
scghqd-single-1 (%),0.47,0.08,0.46,0.08,0.3,0.07,0.32,0.06,NA,NA,0.53,0.08
scghqd-mixed-1 (%),0.85,0.11,0.8,0.11,0.64,0.1,0.68,0.09,NA,NA,0.32,0.06
scghqd-sign.Diff-1 (%),-0.37,***,-0.35,**,-0.34,***,-0.35,***,NA,NA,0.21,**
scghqd-single-2 (%),5.14,0.27,6.42,0.3,6.25,0.3,4.53,0.22,NA,NA,7.46,0.27
scghqd-mixed-2 (%),12.58,0.4,12.23,0.39,11.19,0.38,8.95,0.32,NA,NA,7.18,0.29
scghqd-sign.Diff-2 (%),-7.44,***,-5.82,***,-4.94,***,-4.42,***,NA,NA,0.29,
scghqd-single-3 (%),0.44,0.08,0.46,0.08,0.35,0.07,0.29,0.06,NA,NA,0.72,0.09
scghqd-mixed-3 (%),0.95,0.12,1.17,0.13,0.89,0.11,0.73,0.09,NA,NA,0.55,0.08
scghqd-sign.Diff-3 (%),-0.5,***,-0.72,***,-0.54,***,-0.43,***,NA,NA,0.17,
scghqd-single-4 (%),0.08,0.03,0.06,0.03,0.11,0.04,0.04,0.02,NA,NA,0.1,0.03
scghqd-mixed-4 (%),0.13,0.04,0.21,0.06,0.11,0.04,0.2,0.05,NA,NA,0.09,0.03
scghqd-sign.Diff-4 (%),-0.05,,-0.15,**,-0.01,,-0.15,***,NA,NA,0.01,
scghqd-single-NA (%),93.87,0.3,92.61,0.32,92.99,0.31,94.81,0.23,NA,NA,91.19,0.29
scghqd-mixed-NA (%),85.5,0.42,85.57,0.42,87.16,0.4,89.45,0.34,NA,NA,91.87,0.3
scghqd-sign.Diff-NA (%),8.37,***,7.03,***,5.82,***,5.36,***,NA,NA,-0.68,
scghqe-single-1 (%),1.46,0.15,2.21,0.18,1.87,0.17,1.49,0.13,NA,NA,2.6,0.17
scghqe-mixed-1 (%),3.52,0.22,3.27,0.21,2.85,0.2,2.37,0.17,NA,NA,2.23,0.16
scghqe-sign.Diff-1 (%),-2.06,***,-1.06,***,-0.98,***,-0.89,***,NA,NA,0.36,
scghqe-single-2 (%),3.29,0.22,3.76,0.23,3.82,0.24,2.7,0.17,NA,NA,4.31,0.21
scghqe-mixed-2 (%),7.26,0.31,7.97,0.32,7.12,0.31,5.69,0.26,NA,NA,4.28,0.22
scghqe-sign.Diff-2 (%),-3.98,***,-4.21,***,-3.3,***,-3,***,NA,NA,0.03,
scghqe-single-3 (%),1.16,0.13,1.22,0.14,1.05,0.13,0.81,0.09,NA,NA,1.58,0.13
scghqe-mixed-3 (%),3.12,0.21,2.66,0.19,2.32,0.18,2.05,0.16,NA,NA,1.31,0.13
scghqe-sign.Diff-3 (%),-1.97,***,-1.45,***,-1.27,***,-1.25,***,NA,NA,0.27,
scghqe-single-4 (%),0.23,0.06,0.21,0.06,0.27,0.06,0.18,0.04,NA,NA,0.29,0.06
scghqe-mixed-4 (%),0.57,0.09,0.57,0.09,0.52,0.09,0.44,0.07,NA,NA,0.33,0.06
scghqe-sign.Diff-4 (%),-0.34,***,-0.36,***,-0.24,**,-0.26,***,NA,NA,-0.04,
scghqe-single-NA (%),93.87,0.3,92.61,0.32,92.99,0.31,94.83,0.23,NA,NA,91.22,0.29
scghqe-mixed-NA (%),85.52,0.42,85.53,0.42,87.19,0.4,89.44,0.34,NA,NA,91.84,0.3
scghqe-sign.Diff-NA (%),8.35,***,7.08,***,5.8,***,5.4,***,NA,NA,-0.62,
scghqf-single-1 (%),2.36,0.19,2.98,0.21,2.97,0.21,2.21,0.16,NA,NA,3.91,0.2
scghqf-mixed-1 (%),5.82,0.28,5.37,0.27,5.27,0.27,4.44,0.23,NA,NA,3.43,0.2
scghqf-sign.Diff-1 (%),-3.46,***,-2.39,***,-2.31,***,-2.23,***,NA,NA,0.48,*
scghqf-single-2 (%),2.91,0.21,3.54,0.23,3.24,0.22,2.4,0.16,NA,NA,3.72,0.2
scghqf-mixed-2 (%),6.66,0.3,7.11,0.31,5.99,0.28,4.66,0.23,NA,NA,3.74,0.21
scghqf-sign.Diff-2 (%),-3.76,***,-3.56,***,-2.75,***,-2.26,***,NA,NA,-0.02,
scghqf-single-3 (%),0.71,0.1,0.75,0.11,0.64,0.1,0.47,0.07,NA,NA,0.99,0.1
scghqf-mixed-3 (%),1.72,0.16,1.63,0.15,1.19,0.13,1.24,0.12,NA,NA,0.82,0.1
scghqf-sign.Diff-3 (%),-1,***,-0.89,***,-0.55,***,-0.77,***,NA,NA,0.17,
scghqf-single-4 (%),0.15,0.05,0.12,0.04,0.17,0.05,0.09,0.03,NA,NA,0.17,0.04
scghqf-mixed-4 (%),0.3,0.07,0.33,0.07,0.37,0.07,0.21,0.05,NA,NA,0.17,0.05
scghqf-sign.Diff-4 (%),-0.15,*,-0.21,**,-0.21,**,-0.12,**,NA,NA,0,
scghqf-single-NA (%),93.87,0.3,92.61,0.32,92.99,0.31,94.82,0.23,NA,NA,91.2,0.29
scghqf-mixed-NA (%),85.5,0.42,85.56,0.42,87.18,0.4,89.45,0.34,NA,NA,91.83,0.3
scghqf-sign.Diff-NA (%),8.37,***,7.05,***,5.81,***,5.37,***,NA,NA,-0.63,
scghqg-single-1 (%),0.29,0.07,0.33,0.07,0.33,0.07,0.21,0.05,NA,NA,0.59,0.08
scghqg-mixed-1 (%),0.54,0.09,0.46,0.08,0.39,0.07,0.44,0.07,NA,NA,0.31,0.06
scghqg-sign.Diff-1 (%),-0.26,**,-0.12,,-0.05,,-0.23,***,NA,NA,0.29,***
scghqg-single-2 (%),4.84,0.26,5.92,0.29,5.63,0.28,4.25,0.21,NA,NA,6.76,0.26
scghqg-mixed-2 (%),11.32,0.38,11.29,0.38,10.4,0.37,8.45,0.31,NA,NA,6.5,0.27
scghqg-sign.Diff-2 (%),-6.48,***,-5.37,***,-4.77,***,-4.2,***,NA,NA,0.26,
scghqg-single-3 (%),0.81,0.11,0.88,0.12,0.81,0.11,0.6,0.08,NA,NA,1.22,0.11
scghqg-mixed-3 (%),2.19,0.18,2.26,0.18,1.72,0.16,1.39,0.13,NA,NA,1.1,0.12
scghqg-sign.Diff-3 (%),-1.39,***,-1.38,***,-0.91,***,-0.79,***,NA,NA,0.12,
scghqg-single-4 (%),0.2,0.05,0.26,0.06,0.24,0.06,0.12,0.04,NA,NA,0.24,0.05
scghqg-mixed-4 (%),0.42,0.08,0.44,0.08,0.33,0.07,0.27,0.06,NA,NA,0.23,0.05
scghqg-sign.Diff-4 (%),-0.22,**,-0.19,*,-0.09,,-0.15,**,NA,NA,0,
scghqg-single-NA (%),93.87,0.3,92.61,0.32,92.99,0.31,94.81,0.23,NA,NA,91.19,0.29
scghqg-mixed-NA (%),85.53,0.42,85.54,0.42,87.16,0.4,89.45,0.34,NA,NA,91.86,0.3
scghqg-sign.Diff-NA (%),8.34,***,7.06,***,5.82,***,5.36,***,NA,NA,-0.67,
scghqh-single-1 (%),0.4,0.08,0.35,0.07,0.32,0.07,0.23,0.05,NA,NA,0.56,0.08
scghqh-mixed-1 (%),0.85,0.11,0.6,0.09,0.57,0.09,0.52,0.08,NA,NA,0.29,0.06
scghqh-sign.Diff-1 (%),-0.45,***,-0.25,**,-0.25,**,-0.28,***,NA,NA,0.27,***
scghqh-single-2 (%),5.05,0.27,6.48,0.3,6.08,0.29,4.57,0.22,NA,NA,7.4,0.27
scghqh-mixed-2 (%),12.19,0.39,12.29,0.39,11.2,0.38,9.03,0.32,NA,NA,7.08,0.28
scghqh-sign.Diff-2 (%),-7.14,***,-5.81,***,-5.12,***,-4.45,***,NA,NA,0.32,
scghqh-single-3 (%),0.61,0.1,0.44,0.08,0.47,0.08,0.3,0.06,NA,NA,0.79,0.09
scghqh-mixed-3 (%),1.15,0.13,1.35,0.14,0.92,0.11,0.8,0.1,NA,NA,0.6,0.09
scghqh-sign.Diff-3 (%),-0.54,***,-0.91,***,-0.45,***,-0.5,***,NA,NA,0.19,
scghqh-single-4 (%),0.08,0.03,0.12,0.04,0.14,0.05,0.07,0.03,NA,NA,0.06,0.03
scghqh-mixed-4 (%),0.29,0.06,0.21,0.06,0.14,0.05,0.21,0.05,NA,NA,0.15,0.04
scghqh-sign.Diff-4 (%),-0.21,***,-0.09,,-0.01,,-0.14,**,NA,NA,-0.08,
scghqh-single-NA (%),93.87,0.3,92.61,0.32,92.99,0.31,94.82,0.23,NA,NA,91.19,0.29
scghqh-mixed-NA (%),85.53,0.42,85.54,0.42,87.16,0.4,89.45,0.34,NA,NA,91.88,0.3
scghqh-sign.Diff-NA (%),8.34,***,7.06,***,5.82,***,5.37,***,NA,NA,-0.69,
scghqi-single-1 (%),2.33,0.19,2.84,0.21,3.07,0.21,2.23,0.16,NA,NA,3.53,0.19
scghqi-mixed-1 (%),5.29,0.27,4.96,0.26,4.96,0.26,4.24,0.22,NA,NA,3.29,0.2
scghqi-sign.Diff-1 (%),-2.96,***,-2.11,***,-1.88,***,-2.02,***,NA,NA,0.24,
scghqi-single-2 (%),2.68,0.2,3.24,0.22,2.78,0.2,2.24,0.16,NA,NA,3.69,0.2
scghqi-mixed-2 (%),6.36,0.29,6.3,0.29,5.82,0.28,4.53,0.23,NA,NA,3.47,0.2
scghqi-sign.Diff-2 (%),-3.68,***,-3.06,***,-3.03,***,-2.29,***,NA,NA,0.22,
scghqi-single-3 (%),1,0.12,1.11,0.13,0.9,0.12,0.64,0.08,NA,NA,1.24,0.12
scghqi-mixed-3 (%),2.28,0.18,2.82,0.2,1.62,0.15,1.38,0.13,NA,NA,1.1,0.12
scghqi-sign.Diff-3 (%),-1.27,***,-1.71,***,-0.72,***,-0.74,***,NA,NA,0.14,
scghqi-single-4 (%),0.14,0.05,0.2,0.05,0.26,0.06,0.09,0.03,NA,NA,0.35,0.06
scghqi-mixed-4 (%),0.57,0.09,0.37,0.07,0.44,0.08,0.41,0.07,NA,NA,0.32,0.06
scghqi-sign.Diff-4 (%),-0.44,***,-0.17,*,-0.19,*,-0.32,***,NA,NA,0.03,
scghqi-single-NA (%),93.85,0.3,92.61,0.32,92.99,0.31,94.81,0.23,NA,NA,91.2,0.29
scghqi-mixed-NA (%),85.5,0.42,85.54,0.42,87.16,0.4,89.45,0.34,NA,NA,91.82,0.3
scghqi-sign.Diff-NA (%),8.35,***,7.06,***,5.82,***,5.36,***,NA,NA,-0.62,
scghqj-single-1 (%),2.78,0.2,3.33,0.22,3.56,0.23,2.45,0.16,NA,NA,4.11,0.21
scghqj-mixed-1 (%),6.42,0.29,5.97,0.28,5.92,0.28,4.93,0.24,NA,NA,3.61,0.21
scghqj-sign.Diff-1 (%),-3.63,***,-2.64,***,-2.36,***,-2.48,***,NA,NA,0.5,*
scghqj-single-2 (%),2.4,0.19,3.1,0.21,2.37,0.19,2.02,0.15,NA,NA,3.28,0.19
scghqj-mixed-2 (%),6,0.28,6.32,0.29,5.19,0.27,4.24,0.22,NA,NA,3.39,0.2
scghqj-sign.Diff-2 (%),-3.6,***,-3.21,***,-2.81,***,-2.22,***,NA,NA,-0.11,
scghqj-single-3 (%),0.78,0.11,0.81,0.11,0.82,0.11,0.63,0.08,NA,NA,1.17,0.11
scghqj-mixed-3 (%),1.56,0.15,1.79,0.16,1.35,0.14,1.08,0.11,NA,NA,0.86,0.1
scghqj-sign.Diff-3 (%),-0.79,***,-0.98,***,-0.53,***,-0.46,***,NA,NA,0.31,**
scghqj-single-4 (%),0.18,0.05,0.15,0.05,0.26,0.06,0.09,0.03,NA,NA,0.25,0.05
scghqj-mixed-4 (%),0.52,0.09,0.37,0.07,0.37,0.07,0.3,0.06,NA,NA,0.33,0.06
scghqj-sign.Diff-4 (%),-0.33,***,-0.22,**,-0.11,,-0.21,***,NA,NA,-0.08,
scghqj-single-NA (%),93.85,0.3,92.61,0.32,92.99,0.31,94.81,0.23,NA,NA,91.2,0.29
scghqj-mixed-NA (%),85.5,0.42,85.54,0.42,87.18,0.4,89.45,0.34,NA,NA,91.82,0.3
scghqj-sign.Diff-NA (%),8.35,***,7.06,***,5.81,***,5.36,***,NA,NA,-0.62,
scghqk-single-1 (%),4.17,0.25,5.17,0.27,5.1,0.27,3.78,0.2,NA,NA,6.01,0.25
scghqk-mixed-1 (%),10.23,0.36,9.34,0.35,9.24,0.35,7.38,0.29,NA,NA,5.62,0.26
scghqk-sign.Diff-1 (%),-6.06,***,-4.17,***,-4.14,***,-3.6,***,NA,NA,0.4,
scghqk-single-2 (%),1.51,0.15,1.7,0.16,1.31,0.14,1.01,0.11,NA,NA,2.12,0.15
scghqk-mixed-2 (%),3.17,0.21,4,0.23,2.72,0.19,2.41,0.17,NA,NA,1.89,0.15
scghqk-sign.Diff-2 (%),-1.66,***,-2.29,***,-1.41,***,-1.4,***,NA,NA,0.23,
scghqk-single-3 (%),0.3,0.07,0.35,0.07,0.38,0.08,0.32,0.06,NA,NA,0.54,0.08
scghqk-mixed-3 (%),0.72,0.1,0.85,0.11,0.64,0.1,0.55,0.08,NA,NA,0.44,0.07
scghqk-sign.Diff-3 (%),-0.41,***,-0.5,***,-0.26,**,-0.23,**,NA,NA,0.1,
scghqk-single-4 (%),0.17,0.05,0.15,0.05,0.23,0.06,0.07,0.03,NA,NA,0.13,0.04
scghqk-mixed-4 (%),0.37,0.07,0.27,0.06,0.23,0.06,0.22,0.05,NA,NA,0.22,0.05
scghqk-sign.Diff-4 (%),-0.21,**,-0.12,,0,,-0.15,***,NA,NA,-0.09,
scghqk-single-NA (%),93.85,0.3,92.62,0.32,92.99,0.31,94.82,0.23,NA,NA,91.2,0.29
scghqk-mixed-NA (%),85.52,0.42,85.54,0.42,87.16,0.4,89.44,0.34,NA,NA,91.83,0.3
scghqk-sign.Diff-NA (%),8.34,***,7.08,***,5.82,***,5.39,***,NA,NA,-0.63,
scghql-single-1 (%),0.71,0.1,0.52,0.09,0.59,0.09,0.47,0.07,NA,NA,0.8,0.09
scghql-mixed-1 (%),1.28,0.13,0.9,0.11,1.13,0.13,0.9,0.1,NA,NA,0.55,0.08
scghql-sign.Diff-1 (%),-0.56,***,-0.39,***,-0.54,***,-0.43,***,NA,NA,0.25,**
scghql-single-2 (%),4.72,0.26,5.96,0.29,5.52,0.28,4.13,0.21,NA,NA,6.93,0.26
scghql-mixed-2 (%),11.38,0.38,11.3,0.38,10,0.36,8.35,0.31,NA,NA,6.54,0.27
scghql-sign.Diff-2 (%),-6.66,***,-5.34,***,-4.48,***,-4.22,***,NA,NA,0.39,
scghql-single-3 (%),0.58,0.09,0.76,0.11,0.62,0.1,0.5,0.07,NA,NA,0.92,0.1
scghql-mixed-3 (%),1.43,0.14,1.96,0.17,1.42,0.14,1.06,0.11,NA,NA,0.82,0.1
scghql-sign.Diff-3 (%),-0.85,***,-1.2,***,-0.79,***,-0.55,***,NA,NA,0.1,
scghql-single-4 (%),0.14,0.05,0.15,0.05,0.26,0.06,0.09,0.03,NA,NA,0.16,0.04
scghql-mixed-4 (%),0.39,0.07,0.29,0.06,0.26,0.06,0.26,0.06,NA,NA,0.25,0.05
scghql-sign.Diff-4 (%),-0.25,***,-0.13,*,0,,-0.17,***,NA,NA,-0.08,
scghql-single-NA (%),93.85,0.3,92.61,0.32,93,0.31,94.81,0.23,NA,NA,91.19,0.29
scghql-mixed-NA (%),85.53,0.42,85.54,0.42,87.19,0.4,89.44,0.34,NA,NA,91.84,0.3
scghql-sign.Diff-NA (%),8.32,***,7.06,***,5.81,***,5.38,***,NA,NA,-0.66,
scsf2a-single-1 (%),0.59,0.09,0.65,0.1,0.47,0.08,0.56,0.08,NA,NA,0.97,0.1
scsf2a-mixed-1 (%),1.07,0.12,1.09,0.12,0.8,0.11,0.69,0.09,NA,NA,0.43,0.07
scsf2a-sign.Diff-1 (%),-0.48,***,-0.43,***,-0.33,**,-0.13,,NA,NA,0.54,***
scsf2a-single-2 (%),1.1,0.13,1.26,0.14,1.29,0.14,1,0.1,NA,NA,1.42,0.12
scsf2a-mixed-2 (%),2.46,0.19,2.85,0.2,2.51,0.19,2.36,0.17,NA,NA,1.4,0.13
scsf2a-sign.Diff-2 (%),-1.37,***,-1.59,***,-1.21,***,-1.37,***,NA,NA,0.02,
scsf2a-single-3 (%),4.43,0.25,5.46,0.28,5.26,0.28,3.65,0.2,NA,NA,6.38,0.25
scsf2a-mixed-3 (%),10.96,0.37,10.52,0.37,9.56,0.35,7.61,0.29,NA,NA,6.18,0.27
scsf2a-sign.Diff-3 (%),-6.53,***,-5.05,***,-4.29,***,-3.97,***,NA,NA,0.2,
scsf2a-single-NA (%),93.89,0.3,92.62,0.32,92.97,0.32,94.8,0.23,NA,NA,91.23,0.29
scsf2a-mixed-NA (%),85.5,0.42,85.54,0.42,87.13,0.4,89.34,0.34,NA,NA,91.99,0.3
scsf2a-sign.Diff-NA (%),8.38,***,7.08,***,5.84,***,5.46,***,NA,NA,-0.76,*
scsf2b-single-1 (%),0.61,0.1,0.79,0.11,0.68,0.1,0.65,0.08,NA,NA,1.06,0.11
scsf2b-mixed-1 (%),1.38,0.14,1.38,0.14,1.07,0.12,0.96,0.11,NA,NA,0.75,0.1
scsf2b-sign.Diff-1 (%),-0.77,***,-0.58,***,-0.39,**,-0.31,**,NA,NA,0.31,**
scsf2b-single-2 (%),1.34,0.14,1.38,0.14,1.38,0.14,1.16,0.11,NA,NA,1.75,0.14
scsf2b-mixed-2 (%),2.61,0.19,2.89,0.2,2.74,0.2,2.53,0.17,NA,NA,1.72,0.14
scsf2b-sign.Diff-2 (%),-1.27,***,-1.51,***,-1.35,***,-1.37,***,NA,NA,0.03,
scsf2b-single-3 (%),4.12,0.25,5.14,0.27,4.96,0.27,3.39,0.19,NA,NA,5.92,0.25
scsf2b-mixed-3 (%),10.46,0.37,10.13,0.36,9.05,0.34,7.17,0.29,NA,NA,5.56,0.25
scsf2b-sign.Diff-3 (%),-6.34,***,-4.99,***,-4.1,***,-3.78,***,NA,NA,0.36,
scsf2b-single-NA (%),93.93,0.29,92.68,0.32,92.97,0.32,94.8,0.23,NA,NA,91.27,0.29
scsf2b-mixed-NA (%),85.56,0.42,85.6,0.42,87.13,0.4,89.34,0.34,NA,NA,91.98,0.3
scsf2b-sign.Diff-NA (%),8.37,***,7.08,***,5.84,***,5.46,***,NA,NA,-0.71,*
smoker-single-0 (%),NA,NA,NA,NA,6.13,0.3,4.64,0.22,4.2,0.22,7.93,0.28
smoker-mixed-0 (%),NA,NA,NA,NA,11.75,0.39,9.31,0.32,7.13,0.26,7.46,0.29
smoker-sign.Diff-0 (%),NA,NA,NA,NA,-5.62,***,-4.67,***,-2.92,***,0.47,
smoker-single-1 (%),NA,NA,NA,NA,1.22,0.14,0.86,0.1,0.79,0.09,1.33,0.12
smoker-mixed-1 (%),NA,NA,NA,NA,1.95,0.17,1.51,0.14,1.07,0.11,0.85,0.1
smoker-sign.Diff-1 (%),NA,NA,NA,NA,-0.73,***,-0.65,***,-0.28,**,0.48,***
smoker-single-NA (%),NA,NA,NA,NA,92.65,0.32,94.5,0.24,95.01,0.23,90.74,0.3
smoker-mixed-NA (%),NA,NA,NA,NA,86.3,0.41,89.18,0.34,91.8,0.28,91.7,0.31
smoker-sign.Diff-NA (%),NA,NA,NA,NA,6.35,***,5.32,***,3.21,***,-0.95,**
vote1-single-0 (%),7.35,0.32,6.75,0.31,4.78,0.26,NA,NA,NA,NA,NA,NA
vote1-mixed-0 (%),12.44,0.39,11.69,0.38,9.13,0.34,NA,NA,NA,NA,NA,NA
vote1-sign.Diff-0 (%),-5.09,***,-4.94,***,-4.35,***,NA,NA,NA,NA,NA,NA
vote1-single-1 (%),3.27,0.22,2.65,0.2,2.54,0.19,NA,NA,NA,NA,NA,NA
vote1-mixed-1 (%),5.8,0.28,4.47,0.25,4.41,0.25,NA,NA,NA,NA,NA,NA
vote1-sign.Diff-1 (%),-2.53,***,-1.82,***,-1.87,***,NA,NA,NA,NA,NA,NA
vote1-single-NA (%),89.38,0.38,90.6,0.36,92.68,0.32,NA,NA,NA,NA,NA,NA
vote1-mixed-NA (%),81.76,0.46,83.84,0.44,86.46,0.41,NA,NA,NA,NA,NA,NA
vote1-sign.Diff-NA (%),7.62,***,6.76,***,6.22,***,NA,NA,NA,NA,NA,NA
vote6-single-1 (%),0.99,0.12,1.08,0.13,0.76,0.11,NA,NA,NA,NA,NA,NA
vote6-mixed-1 (%),1.52,0.15,1.35,0.14,1.3,0.14,NA,NA,NA,NA,NA,NA
vote6-sign.Diff-1 (%),-0.53,***,-0.27,,-0.54,***,NA,NA,NA,NA,NA,NA
vote6-single-2 (%),3.91,0.24,3.1,0.21,2.71,0.2,NA,NA,NA,NA,NA,NA
vote6-mixed-2 (%),6.69,0.3,5.33,0.27,4.96,0.26,NA,NA,NA,NA,NA,NA
vote6-sign.Diff-2 (%),-2.78,***,-2.23,***,-2.25,***,NA,NA,NA,NA,NA,NA
vote6-single-3 (%),3.04,0.21,2.72,0.2,2.21,0.18,NA,NA,NA,NA,NA,NA
vote6-mixed-3 (%),5.44,0.27,4.94,0.26,4.76,0.25,NA,NA,NA,NA,NA,NA
vote6-sign.Diff-3 (%),-2.4,***,-2.22,***,-2.55,***,NA,NA,NA,NA,NA,NA
vote6-single-4 (%),2.72,0.2,2.49,0.19,1.64,0.16,NA,NA,NA,NA,NA,NA
vote6-mixed-4 (%),4.67,0.25,4.57,0.25,2.59,0.19,NA,NA,NA,NA,NA,NA
vote6-sign.Diff-4 (%),-1.95,***,-2.08,***,-0.95,***,NA,NA,NA,NA,NA,NA
vote6-single-NA (%),89.34,0.38,90.6,0.36,92.68,0.32,NA,NA,NA,NA,NA,NA
vote6-mixed-NA (%),81.68,0.46,83.81,0.44,86.39,0.41,NA,NA,NA,NA,NA,NA
vote6-sign.Diff-NA (%),7.66,***,6.79,***,6.29,***,NA,NA,NA,NA,NA,NA
xpmove-single-0 (%),9.7,0.37,8.5,0.34,6.37,0.3,4.89,0.23,NA,NA,8.19,0.29
xpmove-mixed-0 (%),16.02,0.44,14.51,0.42,11.96,0.39,9.36,0.32,NA,NA,7.59,0.29
xpmove-sign.Diff-0 (%),-6.31,***,-6.01,***,-5.59,***,-4.47,***,NA,NA,0.59,
xpmove-single-1 (%),0.97,0.12,0.93,0.12,0.75,0.11,0.44,0.07,NA,NA,0.74,0.09
xpmove-mixed-1 (%),2.46,0.19,1.78,0.16,1.46,0.14,1.25,0.12,NA,NA,0.63,0.09
xpmove-sign.Diff-1 (%),-1.49,***,-0.85,***,-0.72,***,-0.82,***,NA,NA,0.11,
xpmove-single-NA (%),89.32,0.38,90.57,0.36,92.88,0.32,94.68,0.24,NA,NA,91.08,0.3
xpmove-mixed-NA (%),81.52,0.46,83.71,0.44,86.58,0.41,89.39,0.34,NA,NA,91.78,0.3
xpmove-sign.Diff-NA (%),7.8,***,6.86,***,6.31,***,5.29,***,NA,NA,-0.7,*
